$ 65 0.000009431399770628358 382.76258214399064 50 5 43 5e-11
R -192 224 -192 304 0 1 2415.2 0.18 0 0 0.5
r 48 224 48 96 0 100000
t 48 224 112 224 0 1 -2.8757382133820797 0.598612846624559 150 default
r 112 80 112 0 0 6600
r 48 224 48 368 0 18000
r 112 240 112 304 0 800
w 48 96 112 96 0
w 48 368 112 368 0
w 160 368 112 368 0
g 352 368 352 384 0 0
R 48 96 -80 96 0 0 40 12 0 0 0.5
r 112 304 112 368 0 200
w 240 368 160 368 0
w 112 304 160 304 0
w 304 304 352 304 0
w 432 368 352 368 0
r 304 304 304 368 0 560
w 352 368 304 368 0
w 240 368 304 368 0
r 304 240 304 304 0 500
r 240 224 240 368 0 18000
r 304 80 304 0 0 6600
t 240 224 304 224 0 1 -3.8497743052684337 0.5941077204312049 150 default
r 240 224 240 96 0 100000
w 224 208 240 224 0
w 112 96 240 96 0
w 240 96 304 96 0
w 432 96 496 96 0
w 304 96 432 96 0
w 416 208 432 224 0
r 432 224 432 96 0 100000
t 432 224 496 224 0 1 0.13281919960057031 0.6116876482837008 150 default
r 496 80 496 0 0 6600
r 432 224 432 368 0 18000
w 432 368 496 368 0
w 544 368 496 368 0
w 608 368 544 368 0
r 496 304 496 368 0 680
w 496 304 544 304 0
r 608 208 608 368 0 120000
403 256 416 448 512 0 39_32_3_12290_0.0001_0.0001_-1_1
403 -160 -16 -32 48 0 39_64_0_4099_20_0.0001953125_-1_2_39_3
r 608 96 608 208 0 15000
w 608 96 496 96 0
t 832 48 864 48 0 1 0 0 150 default
w 800 208 784 192 0
w 784 192 784 96 0
w 784 96 736 96 0
r 832 240 832 304 0 3.9
r 1008 240 1008 368 0 8
w 928 368 832 368 0
w 832 368 736 368 0
w 608 208 624 224 0
w 832 240 800 240 0
w 624 224 752 224 0
w 736 96 608 96 0
w 736 368 608 368 0
r 560 -80 560 80 0 100000
r 928 240 928 368 0 8
400 752 224 800 224 1 0\s1\s-6.322382669931459\s0.6008807982260551\s100\sdefault 0\s1\s-6.923263468157514\s0.7202508906847189\s100\sdefault 1
r 544 240 544 304 0 1000
r 496 240 496 304 0 1000
w 496 240 544 240 0
r 112 208 112 144 0 3300
r 112 144 112 96 0 3300
r 304 144 304 96 0 3300
r 304 208 304 144 0 3300
r 496 144 496 96 0 3300
r 496 208 496 144 0 3300
r 832 368 832 304 0 3.9
r 64 -80 64 64 0 10
w 48 368 -64 368 0
r -192 224 -128 224 0 100000
209 848 240 896 240 4 0.0066 7.822518815711499 0.001 0 50
w 848 240 832 240 0
w 896 240 928 240 0
209 608 208 496 208 4 0.000009999999999999999 3.599688832684604 0.001 0 50
209 416 208 304 208 4 0.000009999999999999999 -3.3039093117816436 0.001 0 50
209 224 208 112 208 4 0.000009999999999999999 -2.9393956723612877 0.001 0 50
209 48 224 -64 224 4 0.000009999999999999999 1.717461052134 0.001 0 50
209 160 304 160 368 4 0.00021999999999999998 0.22383083708207302 0.001 0 1
209 352 304 352 368 4 0.00021999999999999998 0.5949911167058858 0.001 0 1
209 544 304 544 368 4 0.00021999999999999998 0.6602211946607122 0.001 0 1
r -128 224 -64 224 0 100000
o 58 1 0 4098 5 0.8 0 2 58 3
o 58 16 7 4098 5 0.1 1 1 2.5
o 58 4 0 4097 5 0.8 2 2 58 3
o 48 4 0 4097 10 1.6 3 2 48 3
38 0 F1 3 20 10000 -1 Frequency
38 0 F1 0 0.01 1 -1 Max\sVoltage
